100000 1
-5.19213 0.00821439
-4.94478 -0
-4.85046 -0
-4.83656 -0.0049015
-4.68827 -0
-4.66956 -0.00312761
-4.50964 -0.0102652
-4.43822 -0.00578619
-4.37996 -0
-4.34091 -0.0232816
-4.32576 -0
-4.3182 -0.0043459
-4.31115 -0.00307828
-4.30217 -0.00346593
-4.27361 -0.00308201
-4.26352 -0
-4.24908 -0
-4.17524 -0.0060556
-4.17048 -0
-4.16432 -0
-4.08063 -0.00666683
-4.05703 -0
-4.04335 -0
-4.00238 -0.00617756
-4 -0.00436681
-3.96572 -0.0144044
-3.82783 -0.00978939
-3.70423 -0.0124051
-3.63839 -0.0201196
-3.60193 -0.0102987
-3.59513 -0.0119207
-3.58916 -0.0169355
-3.56113 -0
-3.52764 -0.0209775
-3.47919 -0.0301892
-3.4489 -0.0513144
-3.44627 -0.0235022
-3.41963 -0.0308467
-3.366 -0.0171713
-3.28941 -0.0402705
-3.19213 -0.0246432
-2.94478 -0.0577504
-2.85046 -0.0193152
-2.83656 -0.0833256
-2.68827 -0.0673413
-2.66956 -0.0781902
-2.50964 -0.0821214
-2.43822 -0.0983652
-2.37996 -0.0930982
-2.34091 -0.0977827
-2.32576 -0.115458
-2.3182 -0.108648
-2.31115 -0.113896
-2.30217 -0.128239
-2.27361 -0.126362
-2.26352 -0.115827
-2.24908 -0.135459
-2.17524 -0.175612
-2.17048 -0.138908
-2.16432 -0.163533
-2.08063 -0.180004
-2.05703 -0.196343
-2.04335 -0.211572
-2.00238 -0.220333
-2 -0.213974
-1.96572 -0.244874
-1.82783 -0.307387
-1.70423 -0.384558
-1.63839 -0.413569
-1.60193 -0.435979
-1.59513 -0.441068
-1.58916 -0.450485
-1.56113 -0.464377
-1.52764 -0.482483
-1.47919 -0.49309
-1.4489 -0.496039
-1.44627 -0.50801
-1.41963 -0.524394
-1.366 -0.549481
-1.28941 -0.571841
-1.19213 -0.610603
-0.94478 -0.704554
-0.85046 -0.753292
-0.83656 -0.730324
-0.68827 -0.791261
-0.66956 -0.791285
-0.50964 -0.85201
-0.43822 -0.862142
-0.37996 -0.912362
-0.34091 -0.917295
-0.32576 -0.923662
-0.3182 -0.925678
-0.31115 -0.926563
-0.30217 -0.918471
-0.27361 -0.940013
-0.26352 -0.959711
-0.24908 -0.948216
-0.17524 -0.926507
-0.17048 -0.984981
-0.16432 -0.958642
-0.08063 -0.986691
-0.05703 -0.981715
-0.04335 -0.973229
-0.00238 -0.994587
0 -1
0.03428 -0.979496
0.17217 -0.99656
0.29577 -0.955192
0.36161 -0.950091
0.39807 -0.94405
0.40487 -0.929818
0.41084 -0.911131
0.43887 -0.912742
0.47236 -0.888048
0.52081 -0.895613
0.5511 -0.88945
0.55373 -0.891277
0.58037 -0.863707
0.634 -0.858564
0.71059 -0.853735
0.80784 -0.851558
1.05524 -0.762305
1.14954 -0.733977
1.16344 -0.730324
1.31174 -0.698666
1.33044 -0.691202
1.49034 -0.636441
1.56174 -0.584405
1.62004 -0.577209
1.65904 -0.563415
1.67424 -0.577288
1.68184 -0.560622
1.68884 -0.557169
1.69784 -0.558014
1.72634 -0.545516
1.73644 -0.529495
1.75094 -0.541838
1.82474 -0.514726
1.82954 -0.505119
1.83564 -0.513156
1.91934 -0.473345
1.94294 -0.471223
1.95664 -0.465457
1.99764 -0.450962
2.00004 -0.432314
2.03424 -0.446535
2.17214 -0.393534
2.29574 -0.396963
2.36164 -0.368859
2.39804 -0.367321
2.40484 -0.369543
2.41084 -0.396291
2.43884 -0.384312
2.47234 -0.398573
2.52084 -0.372333
2.55114 -0.359201
2.55374 -0.363381
2.58034 -0.380443
2.63404 -0.377768
2.71064 -0.354381
2.80784 -0.331314
3.05524 -0.346502
3.14954 -0.347673
3.16344 -0.338204
3.31174 -0.328289
3.33044 -0.328399
3.49034 -0.31822
3.56174 -0.352957
3.62004 -0.316534
3.65904 -0.284036
3.67424 -0.274212
3.68184 -0.282484
3.68884 -0.28628
3.69784 -0.294604
3.72634 -0.274299
3.73644 -0.264748
3.75094 -0.255868
3.82474 -0.272502
3.82954 -0.214675
3.83564 -0.24248
3.91934 -0.213339
3.94294 -0.196343
3.95664 -0.211572
3.99764 -0.179149
4.00004 -0.187773
4.03424 -0.172852
4.17214 -0.135094
4.29574 -0.0992407
4.36164 -0.10954
4.39804 -0.10642
4.40484 -0.119207
4.41084 -0.111774
4.43884 -0.0960781
4.47234 -0.104888
4.52084 -0.0905676
4.55114 -0.085524
4.55374 -0.0885854
4.58034 -0.102822
4.63404 -0.0858564
4.71064 -0.0885951
4.80784 -0.0739295
5.05524 -0.0924006
5.14954 -0.0772608
5.16344 -0.102932
5.31174 -0.0925943
5.33044 -0.103211
5.49034 -0.123182
5.56174 -0.12151
5.62004 -0.0930982
5.65904 -0.153659
5.67424 -0.115458
5.68184 -0.143415
5.68884 -0.12621
5.69784 -0.114376
5.72634 -0.126362
5.73644 -0.132374
5.75094 -0.120408
5.82474 -0.15139
5.82954 -0.138908
5.83564 -0.129699
5.91934 -0.140003
5.94294 -0.157074
5.95664 -0.169257
5.99764 -0.146202
6.00004 -0.152838
6.03424 -0.172852
6.17214 -0.142925
6.29574 -0.148861
6.36164 -0.136366
6.39804 -0.10642
6.40484 -0.131128
6.41084 -0.111774
6.43884 -0.128104
6.47234 -0.118873
6.52084 -0.120757
6.55114 -0.102629
6.55374 -0.11028
6.58034 -0.123387
6.63404 -0.0858564
6.71064 -0.0966492
6.80784 -0.0903583
7.05524 -0.0693004
7.14954 -0.0772608
7.16344 -0.102932
7.31174 -0.0673413
7.33044 -0.0656798
7.49034 -0.0718562
7.56174 -0.0983652
7.62004 -0.0558589
7.65904 -0.0977827
7.67424 -0.0721611
7.68184 -0.0564968
7.68884 -0.0769571
7.69784 -0.0727845
7.72634 -0.0523942
7.73644 -0.0661869
7.75094 -0.0602042
7.82474 -0.0545004
7.82954 -0.0505119
7.83564 -0.0563907
7.91934 -0.0466678
7.94294 -0.0589029
7.95664 -0.0211572
7.99764 -0.0473613
8.00004 -0.0742358
8.03424 -0.0576174
8.17214 -0.06461
8.29574 -0.0620255
8.36164 -0.0737718
8.39804 -0.0652253
8.40484 -0.0834452
8.41084 -0.0711292
8.43884 -0.0800651
8.47234 -0.0769176
8.52084 -0.0805045
8.55114 -0.085524
8.55374 -0.0885854
8.58034 -0.0822578
8.63404 -0.0858564
8.71064 -0.0885951
8.80784 -0.0739295
9.05524 -0.0924006
9.14954 -0.096576
9.16344 -0.0833256
9.31174 -0.0925943
9.33044 -0.0907007
9.49034 -0.0821214
9.56174 -0.0752204
9.62004 -0.0930982
9.65904 -0.0791574
9.67424 -0.0721611
9.68184 -0.0738804
9.68884 -0.0769571
9.69784 -0.0866482
9.72634 -0.0770503
9.73644 -0.0661869
9.75094 -0.0752552
9.82474 -0.102945
9.82954 -0.0757678
9.83564 -0.073308
9.91934 -0.0666683
9.94294 -0.0589029
9.95664 -0.0846286
9.99764 -0.055598
10 -0.0655022
10.0342 -0.0576174
10.1721 -0.0411155
10.2957 -0.0372153
10.3616 -0.0469457
10.398 -0.037762
10.4048 -0.0357622
10.4108 -0.0440324
10.4388 -0.032026
10.4723 -0.0349625
10.5208 -0.0402523
10.5511 -0.085524
10.5537 -0.0379652
10.5803 -0.0411289
10.634 -0.0515139
10.7106 -0.0322164
10.8078 -0.0246432
11.0552 -0.0462003
11.1495 -0.0579456
11.1634 -0.0441135
11.3117 -0.050506
11.3304 -0.0531693
11.4903 -0.0615911
11.5617 -0.0752204
11.62 -0.0744786
11.659 -0.0791574
11.6742 -0.0432966
11.6818 -0.0738804
11.6888 -0.0769571
11.6978 -0.0589208
11.7263 -0.0523942
11.7364 -0.0661869
11.7509 -0.0602042
11.8247 -0.0545004
11.8295 -0.0505119
11.8356 -0.0620298
11.9193 -0.0600015
11.9429 -0.0589029
11.9566 -0.0423143
11.9976 -0.0638348
12 -0.0742358
12.0342 -0.0576174
12.1721 -0.06461
12.2957 -0.0496204
12.3616 -0.0558877
12.398 -0.0514936
12.4048 -0.0596037
12.4108 -0.0711292
12.4388 -0.048039
12.4723 -0.0489476
12.5208 -0.0603784
12.5511 -0.085524
12.5537 -0.0596595
12.5803 -0.0514112
12.634 -0.0515139
12.7106 -0.0483246
12.8078 -0.0355957
13.0552 -0.0462003
13.1495 -0.0193152
13.1634 -0.0637196
13.3117 -0.050506
13.3304 -0.0531693
13.4903 -0.0410607
13.5617 -0.0520757
13.62 -0.0186196
13.659 -0.0232816
13.6742 -0.0144322
13.6818 -0.0391131
13.6888 -0.0277046
13.6978 -0.0311934
13.7263 -0.0400661
13.7364 -0.0330935
13.7509 -0.0301021
13.8247 -0.0545004
13.8295 -0.0378839
13.8356 -0.0225563
13.9193 -0.0333341
13.9429 -0.0589029
13.9566 -0.0423143
13.9976 -0.022651
14 -0.0305677
14.0342 -0.0144044
14.1721 -0.0332839
14.2957 -0.0496204
14.3616 -0.0380036
14.398 -0.037762
14.4048 -0.047683
14.4108 -0.0575808
14.4388 -0.048039
14.4723 -0.0489476
14.5208 -0.0301892
14.5511 -0.0513144
14.5537 -0.0379652
14.5803 -0.0514112
14.634 -0.0343426
14.7106 -0.0402705
14.8078 -0.0355957
15.0552 -0.0462003
15.1495 -0.0579456
15.1634 -0.0441135
15.3117 -0.0420883
15.3304 -0.0531693
15.4903 -0.0513259
15.5617 -0.0752204
15.62 -0.0372393
15.659 -0.0419069
15.6742 -0.0577288
15.6818 -0.0564968
15.6888 -0.0523308
15.6978 -0.0450571
15.7263 -0.0523942
15.7364 -0.0496402
15.7509 -0.0451531
15.8247 -0.0060556
15.8295 -0.0378839
15.8356 -0.0225563
15.9193 -0.0266673
15.9429 -0.0392686
15.9566 -0.0211572
15.9976 -0.022651
16 -0.0305677
16.0342 -0
16.1721 -0.0332839
16.2957 -0.0248102
16.3616 -0.0201196
16.398 -0.0240304
16.4048 -0.0357622
16.4108 -0.0033871
16.4388 -0.016013
16.4723 0.00699251
16.5208 -0.0201261
16.5511 -0.0342096
16.5537 -0.0235022
16.5803 -0
16.634 -0.0171713
16.7106 -0.0241623
16.8078 -0.00821439
17.0552 -0.0231001
17.1495 -0
17.1634 -0.0245075
17.3117 -0.025253
17.3304 -0.0406589
17.4903 -0.0102652
17.5617 -0.00578619
17.62 -0.0372393
17.659 -0.0232816
17.6742 -0
17.6818 -0.0043459
17.6888 -0.0277046
17.6978 -0.0173296
17.7263 -0.00308201
17.7364 -0
17.7509 -0.015051
17.8247 -0.0060556
17.8295 -0.0378839
17.8356 -0.0225563
17.9193 -0.0266673
17.9429 -0.0392686
17.9566 -0.0211572
17.9976 -0.0308878
18 -0.0393013
18.0342 -0.0576174
18.1721 -0.0332839
18.2957 -0.0372153
18.3616 -0.0201196
18.398 -0.0102987
18.4048 -0.0357622
18.4108 -0.0304839
18.4388 -0.032026
18.4723 -0.0209775
18.5208 -0.0201261
18.5511 -0.0171048
18.5537 -0.0235022
18.5803 -0.0205645
18.634 -0.0171713
18.7106 -0.0241623
18.8078 -0.00821439
19.0552 -0.0231001
19.1495 -0.0193152
19.1634 -0.0245075
19.3117 -0.0168353
19.3304 -0.015638
19.4903 -0.0102652
19.5617 -0.00578619
19.62 -0.0372393
19.659 -0.00465632
19.6742 -0.0144322
19.6818 -0.0043459
19.6888 -0.0277046
19.6978 -0.0173296
19.7263 -0.0154101
19.7364 -0
19.7509 -0.015051
19.8247 -0.030278
19.8295 -0
19.8356 -0.0169172
19.9193 -0.0200005
19.9429 -0
19.9566 -0
19.9976 -0.0144143
20 -0.0218341
20.0342 -0.0288087
20.1721 -0.0254524
20.2957 -0.0124051
20.3616 -0.0290616
20.398 -0.0240304
20.4048 -0.0238415
20.4108 -0.0169355
20.4388 -0
20.4723 -0.00699251
20.5208 -0.0201261
20.5511 -0.0171048
20.5537 -0.0307337
20.5803 -0.0205645
20.634 -0.0171713
20.7106 -0.0322164
20.8078 -0.0191669
21.0552 -0.0231001
21.1495 -0.0193152
21.1634 -0.0245075
21.3117 -0.0336707
21.3304 -0.015638
21.4903 -0.0102652
21.5617 -0.0289309
21.62 -0
21.659 -0.0419069
21.6742 -0.0288644
21.6818 -0.0043459
21.6888 -0.0400177
21.6978 -0.0173296
21.7263 -0.0154101
21.7364 -0
21.7509 -0.015051
21.8247 -0.0787228
21.8295 -0.012628
21.8356 -0.0169172
21.9193 -0.0200005
21.9429 -0.0392686
21.9566 -0.0211572
21.9976 -0.0144143
22 -0.0218341
22.0342 -0.0288087
22.1721 -0.0254524
22.2957 -0.0124051
22.3616 -0.00223551
22.398 0.00343291
22.4048 -0.0238415
22.4108 -0.0169355
22.4388 -0.016013
22.4723 -0.00699251
22.5208 -0.0100631
22.5511 -0.0342096
22.5537 -0.00903933
22.5803 -0.0102822
22.634 -0
22.7106 -0
22.8078 -0.00821439
23.0552 -0
23.1495 -0.0193152
23.1634 -0.0049015
23.3117 -0
23.3304 -0.015638
23.4903 -0.0102652
23.5617 -0.0289309
23.62 -0
23.659 -0.0232816
23.6742 -0.0288644
23.6818 -0.0217295
23.6888 -0.0153914
23.6978 -0.0173296
23.7263 -0.0154101
23.7364 -0
23.7509 -0.015051
23.8247 -0.0060556
23.8295 -0.0252559
23.8356 -0.0169172
23.9193 -0.0200005
23.9429 -0.0196343
23.9566 -0.0211572
23.9976 -0.0144143
24 -0.0218341
24.0342 -0.0288087
24.1721 -0.0332839
24.2957 -0.0124051
24.3616 -0.0201196
24.398 -0.0240304
24.4048 -0.0238415
24.4108 -0.0169355
24.4388 -0.016013
24.4723 0.00699251
24.5208 -0.0201261
24.5511 -0.085524
24.5537 -0.0162708
24.5803 -0.0102822
24.634 -0.0343426
24.7106 -0.0161082
24.8078 -0.00821439
25.0552 -0.0115501
25.1495 -0.0193152
25.1634 -0.0245075
25.3117 -0.0168353
25.3304 -0.0281485
25.4903 -0
25.5617 -0.0289309
25.62 -0
25.659 -0.00465632
25.6742 -0
25.6818 -0.0217295
25.6888 -0.00307828
25.6978 -0.0173296
25.7263 -0.0154101
25.7364 -0
25.7509 -0.015051
25.8247 -0.0060556
25.8295 -0.0252559
25.8356 -0
25.9193 -0.00666683
25.9429 -0.0196343
25.9566 -0
25.9976 -0.00617756
26 -0.00436681
26.0342 0.0144044
26.1721 -0.00195788
26.2957 -0.0124051
26.3616 -0.0111775
26.398 0.00343291
26.4048 -0.0119207
26.4108 -0.0169355
26.4388 -0.016013
26.4723 0.00699251
26.5208 -0.0100631
26.5511 -0.0171048
26.5537 -0.00903933
26.5803 -0.0102822
26.634 -0.0171713
26.7106 -0.0241623
26.8078 -0.00273813
27.0552 -0.0115501
27.1495 -0.0193152
27.1634 -0.0245075
27.3117 -0.0168353
27.3304 -0.00312761
27.4903 -0.0307955
27.5617 -0.0289309
27.62 -0.0186196
27.659 -0.0419069
27.6742 -0.0144322
27.6818 -0.0217295
27.6888 -0.00307828
27.6978 -0.0173296
27.7263 -0.0154101
27.7364 -0.0165467
27.7509 -0.015051
27.8247 -0.0060556
27.8295 -0
27.8356 -0.00563907
27.9193 -0.0133337
27.9429 -0.0196343
27.9566 -0
27.9976 -0.0144143
28 -0.0218341
28.0342 -0
28.1721 -0.00978939
28.2957 -0
28.3616 -0.0111775
28.398 0.00343291
28.4048 -0.0119207
28.4108 -0.0169355
28.4388 -0
28.4723 0.00699251
28.5208 -0.0201261
28.5511 -0.0342096
28.5537 -0.00903933
28.5803 -0.0102822
28.634 -0
28.7106 -0.0080541
28.8078 -0.00273813
29.0552 -0
29.1495 -0
29.1634 -0.0245075
29.3117 -0.00841767
29.3304 -0.015638
29.4903 -0.0102652
29.5617 -0.00578619
29.62 -0
29.659 -0.00465632
29.6742 -0
29.6818 -0.0217295
29.6888 -0.0153914
29.6978 -0.00346593
29.7263 0.00924603
29.7364 -0
29.7509 -0
29.8247 -0.0060556
29.8295 -0
29.8356 -0.00563907
29.9193 -0.0133337
29.9429 -0
29.9566 -0
29.9976 -0.0144143
30 -0.0131004
30.0342 -0.0288087
30.1721 -0.0176209
30.2957 -0.0124051
30.3616 -0.0111775
30.398 -0.0102987
30.4048 -0
30.4108 -0.0169355
30.4388 -0
30.4723 -0.00699251
30.5208 -0.0100631
30.5511 -0.0171048
30.5537 -0.00180787
30.5803 -0.0102822
30.634 -0.0171713
30.7106 -0.0161082
30.7106 -0.0161082
